000565
164502
024353
016523
003485
020973
014566
001668
001172
021916
026865
020530
000478
005863
117788
013343
012643
002186
016923
100902
010607
017230
004467
011439
016209
021227
001458
011689
019750
020337
017399
008193
019292
026867
143338
015893
002740
003278
015839
002273
003502
013951
007596
159553
010000
015997
000341
150760
019388
013895
003370
013255
000474
104036
019032
003403
004058
000779
000662
152237
108404
012822
026475
000670
145255
012580
114740
131078
010636
004028
002307
021899
142128
000067
005839
145040
000554
000337
017478
015331
003461
020463
023524
021635
020584
011805
100522
003412
012868
104233
020446
009030
026813
000699
135827
123459
006535
006221
020414
000616
023613
019334
016432
108922
002007
022663
003831
001715
021922
011418
005692
011669
022932
003070
008774
024870
010010
006724
000260
000567
002175
015800
001433
016198
011013
011222
012322
021150
094360
100187
144313
099823
003882
023047
015765
026277
006786
016825
010349
025279
003035
002395
109025
145286
003857
016068
000896
000846
163408
016707
004562
003663
019208
001103
022865
016574
002197
012661
005542
001645
000309
005371
119111
016817
000301
005906
003488
021669
010287
011195
013850
020397
002689
001039
016570
021714
020949
106733
025732
026190
021400
129321
140362
000011
097249
003740
020925
014666
011926
108609
001383
000691
014187
028507
016315
026565
008007
012289
016277
002021
022645
002708
183904
105622
009333
098637
000177
004480
009163
006125
093732
013885
100513
002771
006137
021340
156974
012399
010451
002762
020696
022494
140211
026546
192389
125788
019069
005394
015587
005977
003500
003196
026313
010034
002414
100236
020445
145570
000305
130545
019919
142870
023428
102665
126923
021035
000891
021687
025174
123896
012348
187046
006966
022782
022299
013033
024196
179136
021358
146940
025130
131530
005411
004090
011315
013378
005054
015643
003566
102754
021957
006907
012165
125411
021579
004125
005598
004015
014946
019920
020252
013725
021276
003338
126820
146771
021206
001982
011376
098281
021530
000570
140254
004346
025799
005475
021774
018605
002664
014635
146584
145126
001432
020166
007245
009581
003886
003162
007260
116522
018940
194696
160034
009463
021632
024343
014280
157763
126141
136137
024797
000050
152431
014543
020721
001706
016092
015827
005282
004163
018139
026350
125044
001009
126392
009767
022583
016153
010868
026431
016653
017213
110274
006846
011050
014942
007054
000777
011714
021809
009066
018198
153349
009590
154019
006767
016773
002017
014538
002941
105040
003756
119322
025043
191789
020883
000515
005092
155124
001185
005007
022230
001386
014984
005561
144484
017618
182806
021465
012353
130408
004926
120821
025488
013589
012503
001270
007961
016353
003125
021105
020641
002732
012260
026568
019256
003017
097606
014709
002794
023812
003776
011931
024838
001649
021291
023498
017609
133744
005794
006841
020072
002693
002154
020982
107362
020305
002780
018878
020228
023425
140070
011077
135868
109775
146632
026081
005686
015670
001402
011273
012581
001027
004084
021773
024421
013373
005690
000327
016922
097903
013299
023353
003072
163854
020893
008803
015283
022712
028161
004353
002371
003876
115911
025703
012291
136470
004603
025763
023109
014272
015766
006682
005425
002319
138651
012697
000763
003043
023446
008756
004670
011816
014090
022415
125760
009508
125904
001146
166481
023768
004543
017959
125258
119450
006698
004429
004100
097473
002691
020054
010978
003951
115200
012413
010787
005364
019264
006903
015538
015524
008426
001984
002712
019890
013804
015750
146598
024448
012481
004157
002410
001560
013054
004830
006166
006675
014431
002974
001951
001533
020687
122153
022344
009538
028303
163342
002761
006770
116531
027315
016211
011897
014286
009774
001841
015279
021951
017576
011939
002537
155678
025180
021248
016928
025782
017733
004235
001991
015727
014960
012781
126966
019949
020994
010189
023538
013230
000518
007144
017717
005657
001703
144558
027268
009898
118126
005998
149792
021055
007203
005920
137295
015152
005395
005868
022963
019086
020897
098060
096552
009742
016357
003943
115892
013916
139973
011119
116550
021124
010055
002423
013943
026885
015404
002955
020263
019613
019723
002984
023328
001241
192306
010790
009164
146120
018957
002576
002339
023715
022676
108848
025251
021629
118243
002624
006465
023707
026902
012362
014837
014179
028113
007147
004184
019781
140400
023095
015016
117641
001786
006212
002507
001141
019531
002758
158357
001219
001983
022409
023313
001784
019068
021394
027953
000396
018734
020787
013797
019944
001696
010012
013562
126037
138565
014811
021500
003976
016276
001435
003938
012280
013541
020846
018960
001753
017252
019379
021436
021852
005483
016229
025578
011063
027243
001639
004938
017153
155490
015176
005034
000490
010362
099330
014352
003781
001260
012934
000374
145569
000346
148100
006735
026569
000181
127709
013418
124341
011573
001150
019664
016938
122765
125704
012417
116447
000645
002634
025599
022718
017121
016025
004816
007537
027492
019886
010825
111479
129266
030028
003888
003464
093404
022665
016270
025505
018826
100681
003825
024030
090237
001026
004140
026992
131512
021397
115693
024468
015753
148168
145243
016725
019215
009724
151980
004446
022807
021514
002567
002096
012597
099985
018764
002302
001178
005441
021564
136668
014585
019898
000674
128394
125151
002340
020511
001905
003206
013119
017175
026725
016104
005635
017681
017041
019113
000714
012983
099350
015171
000564
019637
019675
007274
091015
019008
000445
011066
194207
026830
025751
003950
006711
000992
116584
026024
010883
015073
002604
003793
098296
002636
154595
192531
005591
097444
000539
145699
015968
013922
004243
003577
011507
013499
026769
000862
006619
101045
020539
023329
022836
001730
024083
009986
014034
010806
003140
116437
012605
023104
020058
105089
013407
002475
012053
105110
020875
002298
140695
027728
018738
011106
016963
011306
027082
011517
000542
009803
013387
023555
026200
010740
013027
002062
125898
104729
027251
018934
005717
149399
000079
131474
009364
003713
024135
129868
016252
004628
027536
014966
130885
002056
023073
012645
021066
025096
010824
155958
110805
000569
120784
001961
020691
001471
027175
018608
002754
024557
019190
121978
144016
012757
005460
025148
026746
025667
015634
096919
019399
001393
000392
013784
009897
012456
022637
008765
023389
005604
016117
138682
012791
002079
019967
013770
001225
015258
027340
001132
016525
022693
010327
014838
010180
140321
000134
012008
017815
158365
020749
016828
098976
016502
136527
024817
015900
013202
001353
005870
013430
014146
003828
000876
004303
002457
002749
114018
109593
004213
001634
024162
001535
018755
024002
024312
128160
103124
193229
000340
025085
142178
140385
002802
007236
016088
027359
003917
019538
000680
010388
115044
015606
102766
023865
000874
002429
000729
027374
005108
000936
157796
101916
009663
004466
022118
026969
001695
019227
006866
159737
129314
008429
187166
003870
010213
021595
013966
022602
012590
002061
000205
016657
008016
023106
018772
133808
002907
001779
016339
151583
012671
171432
010635
003318
002530
000310
021011
019714
001180
145583
012391
017677
020394
021889
017169
015402
022170
000889
110957
007502
020491
023346
002777
017462
142111
096568
021186
139618
095889
005550
013599
001194
025904
013622
025907
015878
021990
025717
184368
011353
020085
000292
016473
000689
136499
174596
005955
001077
001666
123021
000080
013330
022005
025230
024370
025083
113202
011727
003704
002867
004766
122958
014874
001934
123329
003853
009184
023207
015466
025564
022054
000503
002825
110679
014939
023516
020467
023692
012833
001853
192530
011301
004387
014925
099003
000466
020044
138173
129111
002525
099545
002157
029454
001837
003362
024525
005216
114820
023243
001698
019223
007720
021005
000945
002677
017442
173617
027795
010807
019681
145164
017643
002790
024313
192095
006021
004619
002570
009621
001457
004188
010969
019726
017664
020963
011770
021103
177092
020370
012112
016251
016769
005262
005806
002309
106235
001854
145198
002627
001642
010204
000759
012452
013175
003621
024404
004605
003561
100923
015408
000968
010158
015061
000014
019583
020056
019079
002055
002327
022871
012009
005211
001803
025726
002817
000204
127603
005854
008780
016039
000647
012099
010994
027358
155747
001377
005002
014733
189894
015161
011778
006039
007299
002743
017159
020847
004242
004185
194057
000298
002541
025494
001654
143714
011485
003310
020955
004998
119710
028779
024369
002847
014237
012469
116969
022115
106520
003788
019387
024687
091038
013828
015380
187219
178541
001976
013131
001474
109474
001910
016147
025024
000829
115898
019689
009253
124674
154510
013214
015077
004884
016407
005866
014010
023759
001655
002337
003212
017762
000163
019351
014743
118048
002709
188774
173629
154333
096520
018094
019474
013171
020533
006014
000281
000946
014404
025329
004030
003728
144017
119569
111324
019004
002109
174246
005378
001949
001693
021449
003811
021221
016984
003723
099021
015919
026595
097104
004286
022801
129133
023620
027424
011784
003250
124296
002483
003302
024491
003994
023246
002229
010256
000286
016951
116033
015717
000909
016370
015810
099114
012946
024320
024191
006144
002306
024926
002746
012363
107596
001647
010106
191678
024712
028030
007947
011508
010339
023180
008747
001580
024772
106548
002427
119229
025821
007295
001470
001266
007510
005468
004068
011261
005970
010714
021443
013129
013397
106589
013555
000505
000352
099775
003691
014815
106315
001149
115021
151931
015684
021409
023063
006969
016927
020821
020279
001552
010772
000484
004937
001796
009377
015019
000790
117404
021423
014174
099732
001733
025548
015649
117218
026593
015846
020674
002000
016462
016972
005792
013450
023098
094007
003231
024865
015090
000373
024733
121208
002824
014594
004532
145892
002124
019100
111959
024939
016715
011709
001142
091114
011964
021534
011744
150919
121486
015972
016034
146488
015451
019630
013460
005266
016101
007648
023190
024157
113120
019530
004881
004821
020172
139993
001352
010296
126811
167054
000682
023954
000966
020792
153016
005949
014514
001856
000389
000989
151620
002550
020719
004109
010417
009400
006121
001449
005240
020143
142410
192684
003843
178880
009099
005184
002908
020905
001094
113823
015185
004896
128805
142287
023014
001319
025651
120586
192926
014194
010654
015069
100536
026105
026887
002063
005730
009615
020079
102619
001544
026360
001622
004752
016048
020919
098560
009654
002517
008923
005910
020089
126672
015296
125484
003510
019881
178450
016800
021704
016628
147749
003056
123844
000407
010620
000579
012897
009385
025070
191520
009925
025311
010835
010193
012504
010149
008507
000178
013468
001021
012133
021157
023992
017018
014951
004240
000806
001323
009783
016299
002687
112905
018627
005130
098207
018872
001118
020976
021921
017809
011084
011091
013066
013269
025897
002654
100739
160039
117752
019424
009357
004312
145851
185751
002476
012782
026906
010999
020014
004612
000387
021814
003585
024407
184739
000786
001047
150444
006980
022547
002294
009444
105556
026559
022029
002868
009440
000136
022787
002174
019599
019433
001081
001860
004651
003333
189545
126592
022866
028001
104759
014339
021750
010276
000504
010310
002474
021580
014715
011721
021938
000409
125759
003551
023752
012152
000519
029388
012321
005265
000359
142330
025119
136257
139883
026520
016150
006483
001797
003786
012550
019626
000175
139045
016924
016347
021768
006637
022833
003708
016004
025936
009544
002344
019116
010839
101567
005036
005366
030420
012738
099342
099025
117753
004196
026367
005484
007353
009340
003896
033614
015439
017684
117696
011240
125227
020307
000899
014836
024048
025352
157556
010497
188108
002422
003668
027296
006918
140229
012445
019464
024706
001232
000052
005609
000993
018902
021111
020771
016492
104656
143306
010317
003909
015131
000483
020853
013385
183926
002930
009776
015519
002827
129867
004908
003047
007022
022059
002854
003731
027231
010797
013350
159307
000250
000535
000633
001880
004682
005832
010628
129113
003823
000774
006833
145612
005568
023556
003747
016737
025087
003855
164055
012402
105772
028848
021692
004615
138912
021336
141537
009631
026820
004251
142201
021887
026928
013114
027192
020941
104813
009861
000209
025992
003225
092337
013489
001879
010892
023176
001282
020151
009689
020513
097246
018043
005588
020197
114856
021577
004330
013669
006107
002944
018871
011379
009194
004204
010133
003361
027313
015906
003928
004230
000320
014198
020556
004754
021116
020471
025747
000942
000791
005803
007767
011864
024668
108127
018921
026057
026470
002150
001998
019192
005833
002900
002499
002931
003996
014622
000809
021368
027336
012745
019429
097028
013081
003207
018887
003364
187788
000472
008695
011830
097667
119052
001208
002183
001168
015187
020885
091397
014802
021268
003901
006929
001894
006861
013325
021370
002177
025935
141795
004108
001085
001563
000741
099142
021297
028041
011892
145687
002673
015277
023165
007656
002923
016733
145631
001844
009521
140426
121724
025414
002001
016503
024149
023950
099915
090574
019709
001968
002459
010648
002969
122665
000124
012136
118893
027083
020692
015239
012545
136630
004665
018889
013847
159866
184363
127658
014565
027099
004255
007660
021509
140879
006135
026695
001279
003447
145365
011687
022476
001543
013776
099968
000650
024171
018677
156451
022493
001508
004195
021053
129514
000206
005300
014429
027494
124382
005291
017408
000321
016726
014213
022434
017536
012783
001253
194027
002575
005735
009371
000132
018702
025653
122926
025787
171089
012718
005387
021716
003127
097263
023514
138652
159997
004017
001087
013465
017220
019566
025152
000388
025072
002951
001995
005844
107551
016741
105976
016691
110914
010156
014050
005110
009345
026879
025620
021109
004364
002508
192914
025253
026302
002224
002081
009624
025084
016886
019193
121752
158768
002748
025220
016735
005455
003409
020096
011029
127442
012006
009029
027529
148631
011230
100731
004836
020138
011929
019209
021254
002467
002269
014379
002933
095706
141807
025308
003970
000078
118550
025301
003628
157682
185620
000715
025930
016681
003990
018085
126913
022052
002878
005770
025312
181989
025798
104899
001247
143279
021506
005420
016727
012779
011433
104363
112678
119338
000828
012935
096440
001109
021211
122669
013958
143570
001230
018441
018786
009959
143464
001495
162847
020400
001372
118689
001416
125946
002462
004198
026048
024452
008933
006185
005595
005950
002879
006758
025381
099708
013271
002481
025510
010103
003083
013276
021460
016342
001838
027410
183115
020428
012965
003309
000600
024168
186283
001512
111948
017782
094112
008941
007156
020624
002073
015971
011375
026705
008174
011014
001316
000963
002460
012969
012970
000354
005091
012729
013789
011852
183306
026954
016348
023403
019573
002215
002217
028686
144845
003835
002282
137981
012898
014546
017021
006784
191940
112685
098334
005146
018090
139915
018873
023474
138717
017166
003744
004320
000428
001532
117937
004639
001238
000269
005225
100220
126999
019998
017714
024780
145719
003553
007427
004221
001119
004257
012482
011459
001322
145241
022289
004039
017763
018082
136920
026393
011039
000481
003171
022055
000168
000208
018758
002369
010682
001662
094811
014606
026485
000076
027055
023796
002491
002241
184934
001707
004094
021163
020236
015382
002579
018713
021237
002201
022604
005313
115295
002609
002871
022593
008781
012678
000807
015680
011583
155368
001861
146662
147000
000930
010726
025995
018708
003737
156676
001849
010520
001684
005653
011878
023775
006078
013181
004588
001308
024814
013361
015480
028633
136613
126202
145575
003435
010638
019557
020695
019903
015108
012788
023505
014287
023849
019020
024522
001356
016893
004128
126641
020996
010552
015719
141574
096824
021324
021701
184005
014383
015136
015851
010134
004155
003940
002085
009595
014319
005903
001071
158369
026442
019540
026825
026925
004052
018701
185532
119956
020745
016050
016573
000173
025977
115045
016110
011802
016567
017391
019288
126388
016318
011952
012252
000040
014025
138213
007988
004483
153073
141867
013727
004227
000436
004098
005254
020817
007131
007222
002066
014924
011624
003988
012896
002482
001444
008865
016466
026242
024488
022449
119588
003754
022661
145724
125957
011815
009424
144765
011120
014870
115133
117767
016009
009700
012151
000851
010657
025079
019044
005231
002904
002329
020225
013318
009553
002219
021040
020068
011234
003872
005442
011328
025328
012982
125023
009763
018675
012845
017527
141354
014189
097060
130739
026131
019635
026332
010025
162237
099566
177599
002068
007883
002244
015319
005269
021020
001088
103274
005757
024801
007169
009239
000813
110259
017272
000667
144125
000738
019084
001601
140844
015815
014613
001774
005268
019358
013581
145853
110207
014900
009863
017661
004114
014902
000681
129212
168907
000145
003989
000750
014111
005933
003473
002187
023873
003817
021153
016470
024963
012789
002516
009251
000990
011128
027193
152344
001758
025638
013889
022121
003916
121219
006880
017509
003741
021190
005756
123040
002437
001360
022669
002122
119902
014742
020843
143892
020191
028540
025628
004050
020686
009388
000649
014321
009869
107923
012040
006830
013108
017487
013003
016204
121223
001135
003531
001912
014637
004244
000642
001350
110540
000070
003497
024104
140893
014940
028655
129806
012961
012737
018728
001538
013656
013600
142017
003078
014695
008435
019168
010871
008355
008966
117014
013182
025776
093195
015392
003168
015383
013429
026840
014504
183952
163258
102725
004696
012641
015095
001547
015129
005348
146921
005212
099487
021174
009751
146478
098319
000477
023439
025223
008255
013390
017235
002181
011275
001562
000867
013918
024076
000306
018936
015288
000072
018905
019982
020439
002638
001100
000890
194539
002046
106067
006105
010562
016802
025265
139330
017465
011144
001068
021637
009278
023221
022432
017268
002370
019614
015916
010420
010893
002172
114925
